[
  [
    0.0, 37.20194173542425, 65.63654320677465, 77.40519257076919,
    31.595545784571122, 13.445486809217932, 22.435907604817658,
    55.60074593814516, 24.92611368951199, 31.54447030643374, 62.81238349373167,
    66.8526111188018, 84.79140278444055, 75.97724275703722, 20.893572648767517,
    18.893476692128413, 43.675136651816125, 10.965661566560561,
    69.30324794251754, 73.76864734405241, 37.05841694197656, 49.382108180568636,
    27.469655805032865, 26.54669669205367, 41.61303160092382, 60.14121844241772,
    68.29649876764996, 28.69135146130669, 16.875187546355015,
    38.650180034939915, 20.920898640521504, 66.29573334467014,
    47.455693601725876, 20.15637153757689, 18.568415826661333
  ],
  [
    37.20194173542425, 0.0, 30.6465349354092, 40.56646053124333,
    60.32829923956318, 49.79220356796376, 23.03083922341269, 19.288531839245117,
    15.350694071965846, 15.659588350818172, 25.610442326620834,
    29.825985710939694, 48.49652933455505, 38.86187315218828,
    18.407564871772546, 36.06503714578899, 14.322859631502494,
    42.10714762070751, 33.15859206003514, 36.57562457309838, 27.150072111917076,
    19.251134320327534, 19.603480146250412, 12.07896720328605,
    14.673016300682663, 36.26190637877389, 31.119302480316264,
    14.009670138498652, 20.441201012213252, 12.556072895089239,
    20.403988665616474, 29.863268900337467, 49.91408469873805,
    17.047688202358994, 19.620175204567463
  ],
  [
    65.63654320677465, 30.6465349354092, 0.0, 26.38460396860628,
    90.942830666703, 76.77764297544945, 45.68713210433399, 11.853178137302212,
    45.996958993248725, 35.25502428761172, 15.113230275628233,
    11.122681568758091, 19.767066896690306, 16.541894929657094,
    44.830301604790634, 66.71125509013258, 22.44356494123919, 67.65803803699849,
    5.875696677443772, 17.09020426248546, 38.10212975860898, 36.462574782857,
    40.31452809115204, 39.14680836474779, 24.904583595338995, 51.22820306513343,
    17.3301900219179, 44.37203597563778, 49.88792519395202, 27.438752187265486,
    45.40190902324919, 6.373059058143486, 56.92563258371602, 46.317845307168604,
    47.06820323963335
  ],
  [
    77.40519257076919, 40.56646053124333, 26.38460396860628, 0.0,
    95.7902456596071, 90.28007632276818, 62.36906706267758, 26.437465043619113,
    53.22761488732904, 52.673138799064155, 16.204650781987482,
    15.91145870767941, 22.825798920745857, 11.561297588199144,
    58.81800451723519, 71.81316502550344, 41.51365068636623, 82.64249211174891,
    20.963072067530963, 9.512801994396515, 59.80410240515154,
    31.942851958983244, 57.74626393624495, 52.432947245052134,
    44.12009234591602, 38.026661583424655, 10.666663431234182,
    50.017365277217685, 60.532349616972844, 45.27835410280894,
    60.50171200280582, 20.238517630229982, 81.08457609700838, 57.36187886911176,
    60.1814675685404
  ],
  [
    31.595545784571122, 60.32829923956318, 90.942830666703, 95.7902456596071,
    0.0, 32.476611585994874, 53.06351463243799, 79.56597643011487,
    45.00216673686755, 60.53083883654961, 84.06417338886585, 89.18017172979009,
    108.46083087825411, 97.63797128368005, 49.45088938817176,
    24.436653396822837, 70.97530503336905, 39.36067635169252, 93.3558322290444,
    94.83417818226599, 68.08735995353419, 64.04406475347062, 57.465510855592086,
    53.301128994501276, 69.46202477612485, 66.84893280567884, 88.77105908137521,
    47.123726935343264, 42.1144150130726, 66.31137731168687, 50.543237254515404,
    89.9569189086735, 78.53192453420098, 45.55382451050673, 46.72908095025932
  ],
  [
    13.445486809217932, 49.79220356796376, 76.77764297544945, 90.28007632276818,
    32.476611585994874, 0.0, 31.464257118391675, 67.46037310397995,
    38.31527369607044, 41.684517624628384, 75.30042170977528, 79.01145867929905,
    96.29528945806797, 88.19520322075729, 32.216888314133286,
    29.644735450862843, 54.39643242637529, 9.967564050126809, 80.87861256225408,
    86.15892133440354, 44.12011168121726, 62.80329091174981, 36.895579448105174,
    38.408422990850525, 52.07560920166181, 73.39814446504596, 80.88185494386198,
    42.11100255694798, 29.911246843806452, 49.362084055530445,
    31.379929442439014, 78.05638583175065, 48.18257248171972, 32.93443215469994,
    30.373553056152165
  ],
  [
    22.435907604817658, 23.03083922341269, 45.68713210433399, 62.36906706267758,
    53.06351463243799, 31.464257118391675, 0.0, 37.39756263201129,
    21.261565758709253, 10.441619024620104, 46.44898676789147,
    49.256852498563795, 65.38984951512744, 58.40498264526656, 6.950890752086646,
    33.36850324455346, 23.25146766206063, 22.01781035943152, 50.169618763252366,
    56.789745662431194, 15.072251195469649, 41.131209944327615,
    5.43818887622226, 11.427544174534974, 20.797428449997252, 56.60849306724087,
    52.1666967245794, 24.340327155647884, 14.590977126289136,
    18.329639194057552, 4.123602457587562, 47.62511256883733,
    31.952978397345074, 13.403515291499973, 8.758966118503748
  ],
  [
    55.60074593814516, 19.288531839245117, 11.853178137302212,
    26.437465043619113, 79.56597643011487, 67.46037310397995, 37.39756263201129,
    0.0, 34.56446033244967, 27.158732974395235, 10.417443502559175,
    11.882225129457845, 29.313254976109132, 21.007421971155303,
    35.24378449398823, 55.220179333059164, 15.180575955979558,
    58.85448235586672, 13.887187833290673, 19.530982375191947,
    33.37018364339873, 25.527343140998564, 32.34566187564721,
    29.127666160596046, 17.82385635846294, 41.54320142257801,
    15.772561061414297, 32.705260061589776, 39.27254470586952,
    19.37997744731011, 36.313373560960464, 10.706913681972612,
    54.88453901794747, 35.74035987523644, 37.19105663333359
  ],
  [
    24.92611368951199, 15.350694071965846, 45.996958993248725,
    53.22761488732904, 45.00216673686755, 38.31527369607044, 21.261565758709253,
    34.56446033244967, 0.0, 21.16800928240137, 39.73538308277741,
    44.51604749585011, 63.58203945838405, 53.28456120130261, 14.312807658442761,
    20.716761163735033, 27.55881317815174, 32.677519626050824,
    48.37582565214745, 50.709142105680925, 32.85186013340178,
    24.508630702191503, 21.553692517614188, 12.462851558074872,
    26.756549290108204, 37.055579027300844, 44.86481037396254,
    3.9031435008894753, 9.200855186650898, 23.72942427475952,
    17.166382297205093, 45.00696341886402, 53.02026356876828, 8.116170988598787,
    13.085964471142043
  ],
  [
    31.54447030643374, 15.659588350818172, 35.25502428761172,
    52.673138799064155, 60.53083883654961, 41.684517624628384,
    10.441619024620104, 27.158732974395235, 21.16800928240137, 0.0,
    36.571750655895535, 39.04075206311483, 54.948662081123565,
    48.14128130645676, 11.102322795343165, 38.52344677704818,
    12.813350140052869, 32.41100328187224, 39.73955731904882, 46.65071513421163,
    12.18055763419146, 34.8846772113337, 5.190377333025417, 8.736451941624315,
    10.400568900157298, 51.636900388070124, 42.27872488373236,
    22.826951333334062, 18.80664264779747, 7.903242267359576,
    10.630500135041222, 37.240938429160586, 34.426850510468306,
    15.826059161205759, 13.807231327708632
  ],
  [
    62.81238349373167, 25.610442326620834, 15.113230275628233,
    16.204650781987482, 84.06417338886585, 75.30042170977528, 46.44898676789147,
    10.417443502559175, 39.73538308277741, 36.571750655895535, 0.0,
    5.819629717961469, 25.10048604701987, 13.587114431710386,
    43.360602325341475, 59.65955239493369, 25.331023508877287, 67.2258146913812,
    12.588457254828908, 11.00569202573534, 43.6743242169396, 23.576595530329442,
    41.68738750995403, 37.01056572352033, 27.926055108941107, 36.59615074074281,
    5.718255009757038, 37.06040181380362, 46.02308212707836, 29.090895814594113,
    44.83461844404774, 9.41296185619715, 65.30084977874357, 42.65747372537656,
    44.95769007276524
  ],
  [
    66.8526111188018, 29.825985710939694, 11.122681568758091, 15.91145870767941,
    89.18017172979009, 79.01145867929905, 49.256852498563795,
    11.882225129457845, 44.51604749585011, 39.04075206311483, 5.819629717961469,
    0.0, 19.501896086933897, 9.195540997655508, 46.84087860358363,
    64.74558913847703, 26.90529080714818, 70.58271359541116, 7.168556334174984,
    7.735400602892519, 44.73979135184074, 29.39322534404497, 44.227101781163114,
    40.60338967761483, 29.5611097974395, 42.086719396243666, 6.207525047711446,
    42.06814264322286, 50.23361709726312, 31.2515229762921, 48.05178971694478,
    4.756250248877721, 65.42359698852887, 46.776376716324826, 48.65132228926368
  ],
  [
    84.79140278444055, 48.49652933455505, 19.767066896690306,
    22.825798920745857, 108.46083087825411, 96.29528945806797,
    65.38984951512744, 29.313254976109132, 63.58203945838405,
    54.948662081123565, 25.10048604701987, 19.501896086933897, 0.0,
    12.913119106463817, 64.17234714650786, 84.02968819862912, 42.14052090968672,
    87.3105216156465, 15.489478219280175, 16.243162105944123,
    57.563544153797686, 48.41686473187366, 60.0423087834362, 58.24897699938524,
    44.64206945045788, 58.98432896120596, 21.97189521681512, 61.34584207722727,
    68.58180717854104, 47.08460326993434, 64.92857806900808, 18.6381999693858,
    74.88446512719669, 65.04328312819601, 66.27769516463195
  ],
  [
    75.97724275703722, 38.86187315218828, 16.541894929657094,
    11.561297588199144, 97.63797128368005, 88.19520322075729, 58.40498264526656,
    21.007421971155303, 53.28456120130261, 48.14128130645676,
    13.587114431710386, 9.195540997655508, 12.913119106463817, 0.0,
    56.03399098410124, 73.24166776896774, 35.819702793646094, 79.7769744490309,
    10.682046579464748, 3.3333488851675557, 53.27399452668841,
    35.98430268800336, 53.33134773881914, 49.78699289801671, 38.47086649530546,
    46.07683916770982, 9.323370108046294, 50.646740647340685, 59.29912306849326,
    40.30776188702957, 57.24395612503097, 11.480284221957962, 73.19240341919958,
    55.86791414731305, 57.828943011716504
  ],
  [
    20.893572648767517, 18.407564871772546, 44.830301604790634,
    58.81800451723519, 49.45088938817176, 32.216888314133286, 6.950890752086646,
    35.24378449398823, 14.312807658442761, 11.102322795343165,
    43.360602325341475, 46.84087860358363, 64.17234714650786, 56.03399098410124,
    0.0, 28.012707906722646, 22.78394560973385, 23.86948084330787,
    48.716702975458425, 54.09480526917464, 20.237656014016427,
    35.23027273944679, 8.593181741666447, 6.385057917708662, 20.772193829423152,
    50.11523580982271, 49.01941919184302, 17.466192955226504, 8.371382649445918,
    17.76864527270514, 2.8638034230858667, 45.84844747872518, 38.83607491879641,
    6.524407312053177, 2.7349334297970236
  ],
  [
    18.893476692128413, 36.06503714578899, 66.71125509013258, 71.81316502550344,
    24.436653396822837, 29.644735450862843, 33.36850324455346,
    55.220179333059164, 20.716761163735033, 38.52344677704818,
    59.65955239493369, 64.74558913847703, 84.02968819862912, 73.24166776896774,
    28.012707906722646, 0.0, 47.5825018272586, 29.8581163526871,
    68.96525767643118, 70.47469793585151, 48.10473736923401, 40.49087619857647,
    36.583366486043616, 30.40449889190405, 46.36774138020262, 46.51878040676436,
    64.4441122936264, 22.687523378360932, 19.76393218553929, 43.22199719636365,
    29.898913168033836, 65.54887425569304, 63.54515096283995, 22.75125052265097,
    25.351495988462112
  ],
  [
    43.675136651816125, 14.322859631502494, 22.44356494123919,
    41.51365068636623, 70.97530503336905, 54.39643242637529, 23.25146766206063,
    15.180575955979558, 27.55881317815174, 12.813350140052869,
    25.331023508877287, 26.90529080714818, 42.14052090968672,
    35.819702793646094, 22.78394560973385, 47.5825018272586, 0.0,
    45.215274671040454, 26.998892356889115, 34.62583275521485,
    18.406487412023175, 30.975186526502718, 17.90853578308276,
    17.75160436373044, 2.6559512753145755, 48.4418819172066, 30.879835817666898,
    27.4182479394711, 28.934789570666442, 5.049519564799247, 23.07123830899668,
    24.656548709103504, 40.69429434246098, 25.43750564293487, 25.22043184050328
  ],
  [
    10.965661566560561, 42.10714762070751, 67.65803803699849, 82.64249211174891,
    39.36067635169252, 9.967564050126809, 22.01781035943152, 58.85448235586672,
    32.677519626050824, 32.41100328187224, 67.2258146913812, 70.58271359541116,
    87.3105216156465, 79.7769744490309, 23.86948084330787, 29.8581163526871,
    45.215274671040454, 0.0, 71.99454745275479, 77.91929360265236,
    34.16836233048753, 56.958644374234424, 27.446360308990585,
    30.241034414940085, 42.801033890570814, 69.29081206652197,
    72.88863820607035, 36.580326206516695, 23.592028184116007,
    40.23134546688273, 22.54145659706677, 69.3122423176138, 39.41862137691114,
    26.004665433753086, 22.500285179108076
  ],
  [
    69.30324794251754, 33.15859206003514, 5.875696677443772, 20.963072067530963,
    93.3558322290444, 80.87861256225408, 50.169618763252366, 13.887187833290673,
    48.37582565214745, 39.73955731904882, 12.588457254828908, 7.168556334174984,
    15.489478219280175, 10.682046579464748, 48.716702975458425,
    68.96525767643118, 26.998892356889115, 71.99454745275479, 0.0,
    11.50012932710928, 43.511530045580244, 35.765378095504616,
    44.88535137739409, 42.76314595220995, 29.57576225500001, 49.14942897376183,
    12.980707599570758, 46.34418268451493, 53.11705953476507, 31.84057735992196,
    49.541398466486726, 3.5578781576125706, 62.742792249144124,
    49.572194526605124, 50.797814361359784
  ],
  [
    73.76864734405241, 36.57562457309838, 17.09020426248546, 9.512801994396515,
    94.83417818226599, 86.15892133440354, 56.789745662431194,
    19.530982375191947, 50.709142105680925, 46.65071513421163,
    11.00569202573534, 7.735400602892519, 16.243162105944123,
    3.3333488851675557, 54.09480526917464, 70.47469793585151, 34.62583275521485,
    77.91929360265236, 11.50012932710928, 0.0, 52.46292938717469,
    32.78244047729864, 51.82815397411956, 47.78770684331287, 37.28093984565034,
    42.75596851030396, 6.165870129232468, 47.957338509727585, 57.00630200623467,
    38.90861553682117, 55.431667951083355, 11.249330627199708,
    72.95400742032596, 53.62110269218302, 55.78905199014427
  ],
  [
    37.05841694197656, 27.150072111917076, 38.10212975860898, 59.80410240515154,
    68.08735995353419, 44.12011168121726, 15.072251195469649, 33.37018364339873,
    32.85186013340178, 12.18055763419146, 43.6743242169396, 44.73979135184074,
    57.563544153797686, 53.27399452668841, 20.237656014016427,
    48.10473736923401, 18.406487412023175, 34.16836233048753,
    43.511530045580244, 52.46292938717469, 0.0, 46.321939117709235,
    11.686061774821717, 20.461653622778858, 15.921514761267453,
    63.404035634752724, 49.14191592967022, 34.85176477099564,
    28.608472394522302, 15.790306769322306, 18.208642452205, 41.82076105650264,
    22.922812620925264, 26.36440882448498, 22.80127407302617
  ],
  [
    49.382108180568636, 19.251134320327534, 36.462574782857, 31.942851958983244,
    64.04406475347062, 62.80329091174981, 41.131209944327615,
    25.527343140998564, 24.508630702191503, 34.8846772113337,
    23.576595530329442, 29.39322534404497, 48.41686473187366, 35.98430268800336,
    35.23027273944679, 40.49087619857647, 30.975186526502718,
    56.958644374234424, 35.765378095504616, 32.78244047729864,
    46.321939117709235, 0.0, 38.499657903167794, 29.70396602812992,
    32.340359554741376, 17.46933871338157, 26.661130409356517,
    20.692584337818307, 33.379125576343, 31.052705885873742, 37.78847108093253,
    32.28258893892232, 69.1508589149002, 31.11206264243927, 35.402061013547886
  ],
  [
    27.469655805032865, 19.603480146250412, 40.31452809115204,
    57.74626393624495, 57.465510855592086, 36.895579448105174, 5.43818887622226,
    32.34566187564721, 21.553692517614188, 5.190377333025417, 41.68738750995403,
    44.227101781163114, 60.0423087834362, 53.33134773881914, 8.593181741666447,
    36.583366486043616, 17.90853578308276, 27.446360308990585,
    44.88535137739409, 51.82815397411956, 11.686061774821717,
    38.499657903167794, 0.0, 9.647795833343444, 15.410390173092578,
    54.741954917062664, 47.400534525814585, 23.97482194309724,
    16.95670611765385, 13.074654923091895, 6.927941163351063, 42.41898371675449,
    31.869195473936756, 14.697045075267472, 11.23261470545212
  ],
  [
    26.54669669205367, 12.07896720328605, 39.14680836474779, 52.432947245052134,
    53.301128994501276, 38.408422990850525, 11.427544174534974,
    29.127666160596046, 12.462851558074872, 8.736451941624315,
    37.01056572352033, 40.60338967761483, 58.24897699938524, 49.78699289801671,
    6.385057917708662, 30.40449889190405, 17.75160436373044, 30.241034414940085,
    42.76314595220995, 47.78770684331287, 20.461653622778858, 29.70396602812992,
    9.647795833343444, 0.0, 16.162877354409076, 45.397252220930326,
    42.657218049680395, 14.445356496681425, 11.198573422895755,
    13.010471991189757, 8.36072106350157, 39.794941719595, 41.516869260553605,
    7.766417231437009, 8.064567303160935
  ],
  [
    41.61303160092382, 14.673016300682663, 24.904583595338995,
    44.12009234591602, 69.46202477612485, 52.07560920166181, 20.797428449997252,
    17.82385635846294, 26.756549290108204, 10.400568900157298,
    27.926055108941107, 29.5611097974395, 44.64206945045788, 38.47086649530546,
    20.772193829423152, 46.36774138020262, 2.6559512753145755,
    42.801033890570814, 29.57576225500001, 37.28093984565034,
    15.921514761267453, 32.340359554741376, 15.410390173092578,
    16.162877354409076, 0.0, 49.79538365084852, 33.49795258631498,
    26.986904427727335, 27.35002182611415, 3.1566882948133634,
    20.850311531422623, 27.284681717869766, 38.42685120868902,
    23.923504420327316, 23.297756392745164
  ],
  [
    60.14121844241772, 36.26190637877389, 51.22820306513343, 38.026661583424655,
    66.84893280567884, 73.39814446504596, 56.60849306724087, 41.54320142257801,
    37.055579027300844, 51.636900388070124, 36.59615074074281,
    42.086719396243666, 58.98432896120596, 46.07683916770982, 50.11523580982271,
    46.51878040676436, 48.4418819172066, 69.29081206652197, 49.14942897376183,
    42.75596851030396, 63.404035634752724, 17.46933871338157,
    54.741954917062664, 45.397252220930326, 49.79538365084852, 0.0,
    37.44126844061604, 33.24989021888003, 46.22570371278598, 48.41061934712082,
    52.88361677527164, 45.99524920619915, 86.05985618524237, 44.86348366452595,
    49.66081114960488
  ],
  [
    68.29649876764996, 31.119302480316264, 17.3301900219179, 10.666663431234182,
    88.77105908137521, 80.88185494386198, 52.1666967245794, 15.772561061414297,
    44.86481037396254, 42.27872488373236, 5.718255009757038, 6.207525047711446,
    21.97189521681512, 9.323370108046294, 49.01941919184302, 64.4441122936264,
    30.879835817666898, 72.88863820607035, 12.980707599570758,
    6.165870129232468, 49.14191592967022, 26.661130409356517,
    47.400534525814585, 42.657218049680395, 33.49795258631498,
    37.44126844061604, 0.0, 42.00783452740046, 51.46383130948165,
    34.758460872905964, 50.528630354233634, 10.96192538317398,
    70.47464460155258, 48.143260204592124, 50.57085686718613
  ],
  [
    28.69135146130669, 14.009670138498652, 44.37203597563778,
    50.017365277217685, 47.123726935343264, 42.11100255694798,
    24.340327155647884, 32.705260061589776, 3.9031435008894753,
    22.826951333334062, 37.06040181380362, 42.06814264322286, 61.34584207722727,
    50.646740647340685, 17.466192955226504, 22.687523378360932,
    27.4182479394711, 36.580326206516695, 46.34418268451493, 47.957338509727585,
    34.85176477099564, 20.692584337818307, 23.97482194309724,
    14.445356496681425, 26.986904427727335, 33.24989021888003,
    42.00783452740046, 0.0, 13.084081795946844, 24.1323189076564,
    20.32654165728024, 42.90121677611043, 55.75253501474631, 11.669922674050143,
    16.5749636928214
  ],
  [
    16.875187546355015, 20.441201012213252, 49.88792519395202,
    60.532349616972844, 42.1144150130726, 29.911246843806452,
    14.590977126289136, 39.27254470586952, 9.200855186650898, 18.80664264779747,
    46.02308212707836, 50.23361709726312, 68.58180717854104, 59.29912306849326,
    8.371382649445918, 19.76393218553929, 28.934789570666442,
    23.592028184116007, 53.11705953476507, 57.00630200623467,
    28.608472394522302, 33.379125576343, 16.95670611765385, 11.198573422895755,
    27.35002182611415, 46.22570371278598, 51.46383130948165, 13.084081795946844,
    0.0, 24.202270873733998, 10.653432177657459, 49.97283371540742,
    46.368542901889334, 3.5709651475880606, 5.897737908906465
  ],
  [
    38.650180034939915, 12.556072895089239, 27.438752187265486,
    45.27835410280894, 66.31137731168687, 49.362084055530445,
    18.329639194057552, 19.37997744731011, 23.72942427475952, 7.903242267359576,
    29.090895814594113, 31.2515229762921, 47.08460326993434, 40.30776188702957,
    17.76864527270514, 43.22199719636365, 5.049519564799247, 40.23134546688273,
    31.84057735992196, 38.90861553682117, 15.790306769322306,
    31.052705885873742, 13.074654923091895, 13.010471991189757,
    3.1566882948133634, 48.41061934712082, 34.758460872905964, 24.1323189076564,
    24.202270873733998, 0.0, 18.023220037031358, 29.34436075561309,
    38.667160344665106, 20.768618766811993, 20.246110307781457
  ],
  [
    20.920898640521504, 20.403988665616474, 45.40190902324919,
    60.50171200280582, 50.543237254515404, 31.379929442439014,
    4.123602457587562, 36.313373560960464, 17.166382297205093,
    10.630500135041222, 44.83461844404774, 48.05178971694478, 64.92857806900808,
    57.24395612503097, 2.8638034230858667, 29.898913168033836,
    23.07123830899668, 22.54145659706677, 49.541398466486726,
    55.431667951083355, 18.208642452205, 37.78847108093253, 6.927941163351063,
    8.36072106350157, 20.850311531422623, 52.88361677527164, 50.528630354233634,
    20.32654165728024, 10.653432177657459, 18.023220037031358, 0.0,
    46.797927256425545, 36.06788352587925, 9.280570433951382, 4.757659811717188
  ],
  [
    66.29573334467014, 29.863268900337467, 6.373059058143486,
    20.238517630229982, 89.9569189086735, 78.05638583175065, 47.62511256883733,
    10.706913681972612, 45.00696341886402, 37.240938429160586, 9.41296185619715,
    4.756250248877721, 18.6381999693858, 11.480284221957962, 45.84844747872518,
    65.54887425569304, 24.656548709103504, 69.3122423176138, 3.5578781576125706,
    11.249330627199708, 41.82076105650264, 32.28258893892232, 42.41898371675449,
    39.794941719595, 27.284681717869766, 45.99524920619915, 10.96192538317398,
    42.90121677611043, 49.97283371540742, 29.34436075561309, 46.797927256425545,
    0.0, 61.811783406073225, 46.44455785972138, 47.85230962601901
  ],
  [
    47.455693601725876, 49.91408469873805, 56.92563258371602, 81.08457609700838,
    78.53192453420098, 48.18257248171972, 31.952978397345074, 54.88453901794747,
    53.02026356876828, 34.426850510468306, 65.30084977874357, 65.42359698852887,
    74.88446512719669, 73.19240341919958, 38.83607491879641, 63.54515096283995,
    40.69429434246098, 39.41862137691114, 62.742792249144124, 72.95400742032596,
    22.922812620925264, 69.1508589149002, 31.869195473936756,
    41.516869260553605, 38.42685120868902, 86.05985618524237, 70.47464460155258,
    55.75253501474631, 46.368542901889334, 38.667160344665106,
    36.06788352587925, 61.811783406073225, 0.0, 45.34264522918478,
    40.67071085809265
  ],
  [
    20.15637153757689, 17.047688202358994, 46.317845307168604,
    57.36187886911176, 45.55382451050673, 32.93443215469994, 13.403515291499973,
    35.74035987523644, 8.116170988598787, 15.826059161205759, 42.65747372537656,
    46.776376716324826, 65.04328312819601, 55.86791414731305, 6.524407312053177,
    22.75125052265097, 25.43750564293487, 26.004665433753086,
    49.572194526605124, 53.62110269218302, 26.36440882448498, 31.11206264243927,
    14.697045075267472, 7.766417231437009, 23.923504420327316,
    44.86348366452595, 48.143260204592124, 11.669922674050143,
    3.5709651475880606, 20.768618766811993, 9.280570433951382,
    46.44455785972138, 45.34264522918478, 0.0, 4.971062206147888
  ],
  [
    18.568415826661333, 19.620175204567463, 47.06820323963335, 60.1814675685404,
    46.72908095025932, 30.373553056152165, 8.758966118503748, 37.19105663333359,
    13.085964471142043, 13.807231327708632, 44.95769007276524,
    48.65132228926368, 66.27769516463195, 57.828943011716504,
    2.7349334297970236, 25.351495988462112, 25.22043184050328,
    22.500285179108076, 50.797814361359784, 55.78905199014427,
    22.80127407302617, 35.402061013547886, 11.23261470545212, 8.064567303160935,
    23.297756392745164, 49.66081114960488, 50.57085686718613, 16.5749636928214,
    5.897737908906465, 20.246110307781457, 4.757659811717188, 47.85230962601901,
    40.67071085809265, 4.971062206147888, 0.0
  ]
]
